0 0 0 0.685571 0.224021 0.132258
1 0 0 0.739068 0.177564 0.178790
2 0 0 0.746638 0.141029 0.175988
3 0 0 0.681441 0.250508 0.151713
4 0 0 0.672426 0.195030 0.176918
5 0 0 0.580934 0.226011 0.133724
6 0 0 0.633263 0.214630 0.104216
7 0 0 0.607175 0.190019 0.094096
8 0 1 0.603245 0.219786 0.106372
9 0 1 0.615728 0.233165 0.114354
10 0 1 0.564035 0.198536 0.088813
11 0 1 0.603405 0.211519 0.104235
12 0 1 0.558596 0.234861 0.095010
13 0 1 0.698996 0.161482 0.159256
14 0 1 0.667296 0.187609 0.146605
15 0 1 0.701233 0.186790 0.145037
16 1 3 0.600135 0.201535 0.111668
17 1 3 0.627145 0.214607 0.120170
18 1 3 0.652930 0.235282 0.116472
19 1 3 0.595389 0.195969 0.098532
20 1 3 0.612000 0.226216 0.121537
21 1 3 0.726937 0.191395 0.206763
22 1 3 0.784668 0.223252 0.193652
23 1 3 0.742747 0.203411 0.157707
24 1 4 0.659038 0.229934 0.125272
25 1 4 0.618326 0.217549 0.119868
26 1 4 0.658727 0.243504 0.123892
27 1 4 0.674250 0.245191 0.115151
28 1 4 0.665139 0.224363 0.138501
29 1 4 0.661606 0.253766 0.119939
30 1 4 0.661941 0.225541 0.121417
31 1 4 0.635809 0.227111 0.116950
32 1 5 0.631544 0.224819 0.125609
33 1 5 0.605675 0.229697 0.124043
34 1 5 0.670568 0.229154 0.122271
35 1 5 0.637413 0.238874 0.124622
36 1 5 0.696186 0.257639 0.126508
37 1 5 0.616742 0.231170 0.089554
38 1 5 0.680835 0.250314 0.108365
39 1 5 0.638535 0.244862 0.122709
0 0 0 0.683011 0.187658 0.157537
1 0 0 0.728056 0.186307 0.152029
2 0 0 0.704026 0.158190 0.144975
3 0 0 0.654308 0.202038 0.189526
4 0 0 0.704618 0.164001 0.152886
5 0 0 0.583959 0.225603 0.150074
6 0 0 0.608531 0.208883 0.118079
7 0 0 0.598376 0.202608 0.109266
8 0 1 0.563296 0.208602 0.098096
9 0 1 0.603099 0.214515 0.112435
10 0 1 0.597443 0.210871 0.086865
11 0 1 0.612441 0.206476 0.100571
12 0 1 0.549776 0.208640 0.108192
13 0 1 0.716023 0.167366 0.142811
14 0 1 0.757215 0.195348 0.154958
15 0 1 0.757552 0.187765 0.157920
16 1 3 0.609745 0.219479 0.102808
17 1 3 0.602065 0.202151 0.093460
18 1 3 0.628415 0.200927 0.125938
19 1 3 0.621027 0.217561 0.109019
20 1 3 0.576964 0.223976 0.106915
21 1 3 0.635785 0.209508 0.152013
22 1 3 0.697327 0.217934 0.163831
23 1 3 0.652150 0.213971 0.130027
24 1 4 0.647963 0.212300 0.115307
25 1 4 0.654721 0.230101 0.113637
26 1 4 0.663635 0.244920 0.175447
27 1 4 0.659667 0.233146 0.124704
28 1 4 0.656354 0.216600 0.104080
29 1 4 0.634007 0.220285 0.142604
30 1 4 0.636584 0.226244 0.120618
31 1 4 0.611582 0.219458 0.116944
32 1 5 0.593276 0.208855 0.128573
33 1 5 0.691174 0.252578 0.140929
34 1 5 0.642317 0.248100 0.117409
35 1 5 0.678885 0.245277 0.120068
36 1 5 0.661385 0.242836 0.131950
37 1 5 0.654408 0.241525 0.122198
38 1 5 0.649300 0.219593 0.120225
39 1 5 0.629199 0.229587 0.135156
0 0 0 0.669759 0.180484 0.138036
1 0 0 0.658820 0.175791 0.142116
2 0 0 0.715350 0.167366 0.137922
3 0 0 0.692044 0.231081 0.151369
4 0 0 0.751091 0.190555 0.170792
5 0 0 0.591634 0.222165 0.123667
6 0 0 0.601999 0.220017 0.106101
7 0 0 0.600862 0.187626 0.090999
8 0 1 0.553441 0.205661 0.088774
9 0 1 0.575593 0.220146 0.113101
10 0 1 0.602273 0.202457 0.095951
11 0 1 0.575690 0.202633 0.086221
12 0 1 0.561106 0.227466 0.092303
13 0 1 0.708498 0.165803 0.126842
14 0 1 0.675459 0.198814 0.170564
15 0 1 0.660802 0.166159 0.149143
16 1 3 0.608141 0.226050 0.092739
17 1 3 0.598129 0.203448 0.103162
18 1 3 0.688894 0.220090 0.123976
19 1 3 0.599709 0.217267 0.108315
20 1 3 0.574664 0.208654 0.111785
21 1 3 0.644589 0.198434 0.153183
22 1 3 0.718226 0.211285 0.207975
23 1 3 0.670844 0.183099 0.153750
24 1 4 0.622618 0.215901 0.122089
25 1 4 0.714157 0.234135 0.126009
26 1 4 0.674714 0.242353 0.129901
27 1 4 0.693042 0.233835 0.150773
28 1 4 0.640554 0.219890 0.105355
29 1 4 0.647945 0.232740 0.123105
30 1 4 0.601442 0.205303 0.102797
31 1 4 0.588700 0.223375 0.108897
32 1 5 0.599845 0.217058 0.123449
33 1 5 0.610777 0.239811 0.111605
34 1 5 0.600701 0.220882 0.096726
35 1 5 0.660593 0.241755 0.129487
36 1 5 0.657671 0.242662 0.128406
37 1 5 0.659501 0.220901 0.115451
38 1 5 0.663291 0.222363 0.105874
39 1 5 0.665887 0.248329 0.115450
0 0 0 0.706464 0.200612 0.141995
1 0 0 0.738153 0.171528 0.156336
2 0 0 0.750875 0.152117 0.199123
3 0 0 0.697331 0.227170 0.139910
4 0 0 0.766802 0.215413 0.169192
5 0 0 0.582329 0.214207 0.131536
6 0 0 0.585412 0.187213 0.099832
7 0 0 0.617148 0.220910 0.113799
8 0 1 0.591491 0.197643 0.089083
9 0 1 0.583997 0.222079 0.120051
10 0 1 0.589772 0.208585 0.104647
11 0 1 0.597438 0.199953 0.090634
12 0 1 0.538136 0.207556 0.094306
13 0 1 0.723406 0.171395 0.175255
14 0 1 0.703530 0.208623 0.130625
15 0 1 0.718211 0.199227 0.142152
16 1 3 0.586244 0.194522 0.103292
17 1 3 0.628761 0.220486 0.125989
18 1 3 0.610731 0.215696 0.091007
19 1 3 0.627423 0.207701 0.105195
20 1 3 0.571398 0.214584 0.100205
21 1 3 0.622062 0.199072 0.144637
22 1 3 0.703037 0.208058 0.171015
23 1 3 0.684580 0.189345 0.138152
24 1 4 0.630091 0.211241 0.107174
25 1 4 0.634974 0.231475 0.129663
26 1 4 0.656312 0.231705 0.146487
27 1 4 0.638768 0.233890 0.103019
28 1 4 0.663762 0.229517 0.111461
29 1 4 0.620126 0.228579 0.115541
30 1 4 0.621194 0.221541 0.115288
31 1 4 0.603596 0.223316 0.121074
32 1 5 0.603560 0.222629 0.098033
33 1 5 0.668162 0.245645 0.124763
34 1 5 0.647953 0.223334 0.117153
35 1 5 0.606218 0.221959 0.121575
36 1 5 0.711924 0.260899 0.145997
37 1 5 0.638327 0.225251 0.113407
38 1 5 0.673191 0.223070 0.106637
39 1 5 0.633505 0.221807 0.102068
0 0 0 0.752625 0.195068 0.155885
1 0 0 0.725953 0.174412 0.177963
2 0 0 0.712365 0.157390 0.193035
3 0 0 0.678172 0.207714 0.141605
4 0 0 0.703315 0.202919 0.190982
5 0 0 0.570975 0.231518 0.129226
6 0 0 0.590697 0.201700 0.097682
7 0 0 0.617254 0.183263 0.099675
8 0 1 0.622394 0.214858 0.105111
9 0 1 0.588166 0.217176 0.101550
10 0 1 0.575832 0.218138 0.092561
11 0 1 0.638340 0.213183 0.098922
12 0 1 0.580403 0.223722 0.100089
13 0 1 0.672061 0.175555 0.144964
14 0 1 0.697719 0.193499 0.157340
15 0 1 0.662615 0.161463 0.125123
16 1 3 0.609762 0.212655 0.110451
17 1 3 0.615647 0.218215 0.154123
18 1 3 0.640842 0.224926 0.107923
19 1 3 0.649802 0.224416 0.113513
20 1 3 0.576345 0.224019 0.103193
21 1 3 0.634851 0.183473 0.167591
22 1 3 0.711665 0.212821 0.164698
23 1 3 0.744175 0.205277 0.156647
24 1 4 0.658763 0.214158 0.126571
25 1 4 0.632767 0.219567 0.126533
26 1 4 0.709204 0.258886 0.123272
27 1 4 0.613596 0.225440 0.109469
28 1 4 0.681530 0.242069 0.123913
29 1 4 0.645253 0.221454 0.158104
30 1 4 0.629431 0.215349 0.130326
31 1 4 0.652257 0.230395 0.116706
32 1 5 0.645278 0.228005 0.116160
33 1 5 0.615635 0.224516 0.113285
34 1 5 0.636783 0.227720 0.138520
35 1 5 0.639904 0.235178 0.123811
36 1 5 0.646953 0.238416 0.137501
37 1 5 0.629551 0.206206 0.102862
38 1 5 0.659131 0.228864 0.106296
39 1 5 0.619075 0.216917 0.115381
0 0 0 0.714500 0.204623 0.138777
1 0 0 0.717526 0.172236 0.164097
2 0 0 0.658300 0.168679 0.137881
3 0 0 0.695627 0.192377 0.175168
4 0 0 0.688671 0.210708 0.137264
5 0 0 0.590140 0.228846 0.130347
6 0 0 0.568211 0.183673 0.097189
7 0 0 0.624084 0.198579 0.098598
8 0 1 0.640166 0.231005 0.109003
9 0 1 0.624414 0.230885 0.127267
10 0 1 0.567988 0.202304 0.104543
11 0 1 0.573657 0.190727 0.090971
12 0 1 0.601733 0.232838 0.108618
13 0 1 0.761065 0.193314 0.201484
14 0 1 0.768362 0.223161 0.182237
15 0 1 0.771390 0.185877 0.153795
16 1 3 0.588665 0.210331 0.094697
17 1 3 0.611165 0.211770 0.109798
18 1 3 0.564936 0.203543 0.093803
19 1 3 0.625571 0.209687 0.119816
20 1 3 0.570391 0.215189 0.117820
21 1 3 0.590294 0.167050 0.152929
22 1 3 0.676525 0.199423 0.167488
23 1 3 0.674648 0.176926 0.144338
24 1 4 0.660820 0.228716 0.125242
25 1 4 0.607431 0.217157 0.137322
26 1 4 0.604057 0.220966 0.112265
27 1 4 0.641413 0.241143 0.108144
28 1 4 0.636131 0.223220 0.112559
29 1 4 0.621035 0.201861 0.121587
30 1 4 0.649189 0.236365 0.147668
31 1 4 0.587069 0.200399 0.108998
32 1 5 0.648906 0.234578 0.121743
33 1 5 0.625121 0.230769 0.121318
34 1 5 0.616075 0.232102 0.102843
35 1 5 0.616824 0.232803 0.106895
36 1 5 0.657430 0.232171 0.133717
37 1 5 0.638777 0.239945 0.104697
38 1 5 0.688846 0.235394 0.109947
39 1 5 0.669161 0.244282 0.139559
0 0 0 0.690643 0.181950 0.131488
1 0 0 0.778584 0.190789 0.179930
2 0 0 0.696790 0.151842 0.152063
3 0 0 0.677297 0.234235 0.183977
4 0 0 0.748405 0.214931 0.179564
5 0 0 0.623612 0.248618 0.136312
6 0 0 0.617022 0.197160 0.109314
7 0 0 0.628053 0.219122 0.111695
8 0 1 0.586799 0.194387 0.094722
9 0 1 0.614665 0.233668 0.122010
10 0 1 0.619512 0.201538 0.132213
11 0 1 0.582642 0.205913 0.093983
12 0 1 0.627758 0.246566 0.124548
13 0 1 0.755539 0.187397 0.171997
14 0 1 0.730995 0.209780 0.180226
15 0 1 0.760733 0.173275 0.176969
16 1 3 0.587747 0.193559 0.105661
17 1 3 0.632297 0.226143 0.154644
18 1 3 0.615728 0.200539 0.097906
19 1 3 0.608781 0.214785 0.102489
20 1 3 0.573974 0.222703 0.117756
21 1 3 0.597725 0.175332 0.128356
22 1 3 0.606100 0.192246 0.130225
23 1 3 0.712436 0.180187 0.146493
24 1 4 0.644643 0.221448 0.121746
25 1 4 0.655166 0.227890 0.113006
26 1 4 0.737257 0.256341 0.127431
27 1 4 0.631527 0.228735 0.144436
28 1 4 0.662110 0.235460 0.111865
29 1 4 0.704357 0.240221 0.153448
30 1 4 0.732318 0.234800 0.187890
31 1 4 0.667992 0.222294 0.135904
32 1 5 0.615261 0.229202 0.106352
33 1 5 0.632733 0.226712 0.116335
34 1 5 0.635966 0.225575 0.130097
35 1 5 0.698506 0.242113 0.137440
36 1 5 0.618123 0.228254 0.131213
37 1 5 0.633194 0.230433 0.127208
38 1 5 0.659425 0.216401 0.155693
39 1 5 0.625560 0.232329 0.158240
0 0 0 0.688269 0.185950 0.146743
1 0 0 0.668737 0.198729 0.134094
2 0 0 0.686612 0.167423 0.145527
3 0 0 0.621002 0.209516 0.136546
4 0 0 0.665620 0.178305 0.143292
5 0 0 0.580877 0.222725 0.095968
6 0 0 0.598835 0.201289 0.094679
7 0 0 0.605276 0.206010 0.098001
8 0 1 0.571994 0.207411 0.097592
9 0 1 0.661080 0.234873 0.134556
10 0 1 0.599198 0.201194 0.115426
11 0 1 0.597535 0.209130 0.111470
12 0 1 0.613649 0.216028 0.127136
13 0 1 0.804164 0.197417 0.203385
14 0 1 0.736692 0.211068 0.158689
15 0 1 0.745283 0.182259 0.165319
16 1 3 0.599407 0.197046 0.100591
17 1 3 0.611992 0.221481 0.124548
18 1 3 0.608827 0.218835 0.109636
19 1 3 0.562690 0.190411 0.108250
20 1 3 0.585629 0.215501 0.120794
21 1 3 0.627747 0.181303 0.155135
22 1 3 0.695287 0.200593 0.134869
23 1 3 0.687728 0.197679 0.123921
24 1 4 0.635003 0.211288 0.148025
25 1 4 0.652572 0.234123 0.145197
26 1 4 0.715930 0.255606 0.166305
27 1 4 0.628335 0.243182 0.110756
28 1 4 0.696175 0.236881 0.118141
29 1 4 0.679920 0.237602 0.148310
30 1 4 0.624263 0.223165 0.153791
31 1 4 0.636134 0.224782 0.144204
32 1 5 0.635616 0.235280 0.133983
33 1 5 0.698464 0.253081 0.156421
34 1 5 0.676349 0.252690 0.105928
35 1 5 0.647059 0.243812 0.116221
36 1 5 0.668813 0.242388 0.107979
37 1 5 0.612447 0.209983 0.103119
38 1 5 0.702950 0.234479 0.135162
39 1 5 0.639713 0.237126 0.111635
0 0 0 0.710149 0.200283 0.128735
1 0 0 0.687840 0.146781 0.169928
2 0 0 0.737142 0.180201 0.161468
3 0 0 0.682209 0.236647 0.158240
4 0 0 0.689167 0.201243 0.164131
5 0 0 0.569693 0.230091 0.122793
6 0 0 0.617611 0.218778 0.119797
7 0 0 0.592252 0.195674 0.123924
8 0 1 0.617877 0.209038 0.101031
9 0 1 0.580549 0.224850 0.103253
10 0 1 0.579554 0.214328 0.109747
11 0 1 0.571144 0.203449 0.096084
12 0 1 0.569302 0.221036 0.091534
13 0 1 0.722627 0.184663 0.146375
14 0 1 0.741424 0.212853 0.157208
15 0 1 0.681800 0.178926 0.128313
16 1 3 0.603298 0.215776 0.090811
17 1 3 0.605466 0.232910 0.096727
18 1 3 0.628298 0.231751 0.097913
19 1 3 0.630281 0.213991 0.097966
20 1 3 0.569731 0.213411 0.094690
21 1 3 0.715784 0.210586 0.158162
22 1 3 0.732265 0.226556 0.163531
23 1 3 0.695742 0.194257 0.137153
24 1 4 0.632565 0.207050 0.110881
25 1 4 0.665446 0.252072 0.118655
26 1 4 0.683792 0.247023 0.115527
27 1 4 0.645865 0.233979 0.129357
28 1 4 0.661046 0.225151 0.103741
29 1 4 0.628512 0.216565 0.115630
30 1 4 0.643712 0.223057 0.145461
31 1 4 0.647507 0.236216 0.125524
32 1 5 0.592504 0.216328 0.102220
33 1 5 0.632363 0.231143 0.114088
34 1 5 0.624914 0.231512 0.119674
35 1 5 0.675513 0.233451 0.142464
36 1 5 0.655465 0.245475 0.106567
37 1 5 0.652146 0.237568 0.104774
38 1 5 0.635200 0.230839 0.111023
39 1 5 0.595934 0.211570 0.116045
0 0 0 0.714213 0.185245 0.148443
1 0 0 0.709585 0.174955 0.180503
2 0 0 0.694738 0.163579 0.172366
3 0 0 0.698808 0.206193 0.196054
4 0 0 0.769534 0.242013 0.163661
5 0 0 0.595935 0.212953 0.127930
6 0 0 0.584143 0.179840 0.096744
7 0 0 0.592630 0.193419 0.102046
8 0 1 0.614569 0.207393 0.124017
9 0 1 0.632130 0.226688 0.128401
10 0 1 0.593705 0.204525 0.100923
11 0 1 0.626292 0.219774 0.105260
12 0 1 0.642618 0.239163 0.126673
13 0 1 0.727326 0.181445 0.153375
14 0 1 0.704423 0.203352 0.164955
15 0 1 0.713894 0.166854 0.161836
16 1 3 0.615975 0.201310 0.123510
17 1 3 0.578779 0.196650 0.087596
18 1 3 0.605162 0.213608 0.104341
19 1 3 0.650293 0.216203 0.112988
20 1 3 0.585543 0.224278 0.106002
21 1 3 0.660409 0.223687 0.137408
22 1 3 0.692398 0.202929 0.193975
23 1 3 0.694664 0.201141 0.149738
24 1 4 0.632498 0.201594 0.120142
25 1 4 0.647027 0.221193 0.118249
26 1 4 0.700636 0.240312 0.160218
27 1 4 0.649388 0.223878 0.134960
28 1 4 0.637155 0.218206 0.127697
29 1 4 0.685316 0.254038 0.149524
30 1 4 0.648439 0.208789 0.137335
31 1 4 0.643979 0.234506 0.125144
32 1 5 0.621715 0.233771 0.105506
33 1 5 0.627248 0.226552 0.108715
34 1 5 0.644524 0.217662 0.114825
35 1 5 0.644683 0.249995 0.113345
36 1 5 0.625849 0.219638 0.104544
37 1 5 0.651853 0.217266 0.094773
38 1 5 0.677335 0.244942 0.115079
39 1 5 0.642715 0.252834 0.117954
0 0 0 0.761331 0.195675 0.155438
1 0 0 0.742197 0.187140 0.165265
2 0 0 0.749210 0.168263 0.154905
3 0 0 0.704084 0.222606 0.192159
4 0 0 0.692672 0.196366 0.168975
5 0 0 0.610373 0.236564 0.131986
6 0 0 0.595760 0.202186 0.094577
7 0 0 0.623239 0.196564 0.104740
8 0 1 0.602231 0.215821 0.107103
9 0 1 0.660142 0.201171 0.138504
10 0 1 0.586806 0.216987 0.117790
11 0 1 0.609080 0.210542 0.113015
12 0 1 0.552349 0.207134 0.093083
13 0 1 0.697408 0.151023 0.156462
14 0 1 0.688941 0.192425 0.167461
15 0 1 0.748106 0.195782 0.164070
16 1 3 0.606411 0.211423 0.100937
17 1 3 0.609775 0.215976 0.116957
18 1 3 0.643545 0.230144 0.121269
19 1 3 0.559040 0.189735 0.118439
20 1 3 0.663458 0.247278 0.115993
21 1 3 0.765144 0.236269 0.182560
22 1 3 0.752497 0.220483 0.176870
23 1 3 0.748506 0.213292 0.179656
24 1 4 0.642830 0.213159 0.107642
25 1 4 0.667602 0.227928 0.132613
26 1 4 0.673665 0.249033 0.123484
27 1 4 0.700593 0.248801 0.144472
28 1 4 0.703410 0.247313 0.135657
29 1 4 0.594582 0.220863 0.101775
30 1 4 0.678717 0.219399 0.137194
31 1 4 0.631710 0.225539 0.125150
32 1 5 0.644795 0.234341 0.136082
33 1 5 0.656713 0.237953 0.129458
34 1 5 0.660944 0.232027 0.134807
35 1 5 0.661769 0.238529 0.120871
36 1 5 0.681893 0.244099 0.117497
37 1 5 0.681945 0.241198 0.111042
38 1 5 0.660721 0.213138 0.130552
39 1 5 0.641866 0.224784 0.114456
0 0 0 0.738064 0.187245 0.160479
1 0 0 0.693796 0.186555 0.151724
2 0 0 0.755186 0.166826 0.210575
3 0 0 0.691171 0.211129 0.171526
4 0 0 0.775055 0.214231 0.197900
5 0 0 0.600182 0.214026 0.109464
6 0 0 0.607458 0.185933 0.120624
7 0 0 0.581023 0.211558 0.099003
8 0 1 0.582932 0.207121 0.085243
9 0 1 0.679972 0.249519 0.166371
10 0 1 0.590459 0.206516 0.084266
11 0 1 0.611410 0.196425 0.121190
12 0 1 0.595734 0.213397 0.110455
13 0 1 0.749874 0.205798 0.176858
14 0 1 0.692249 0.172285 0.148517
15 0 1 0.736299 0.189154 0.139603
16 1 3 0.605779 0.198945 0.104029
17 1 3 0.597931 0.207761 0.121551
18 1 3 0.582032 0.212388 0.096411
19 1 3 0.620512 0.224733 0.108728
20 1 3 0.548663 0.221082 0.113527
21 1 3 0.670910 0.191820 0.136638
22 1 3 0.647386 0.206113 0.148018
23 1 3 0.731911 0.211207 0.163063
24 1 4 0.620221 0.204797 0.096960
25 1 4 0.599288 0.218867 0.094958
26 1 4 0.632344 0.232824 0.125372
27 1 4 0.651023 0.246631 0.158558
28 1 4 0.642966 0.222829 0.098995
29 1 4 0.630820 0.237026 0.144055
30 1 4 0.602528 0.216305 0.125316
31 1 4 0.650404 0.227846 0.125763
32 1 5 0.599775 0.216055 0.112544
33 1 5 0.660131 0.247086 0.127810
34 1 5 0.626024 0.233396 0.131108
35 1 5 0.589408 0.213119 0.106815
36 1 5 0.629597 0.254451 0.106960
37 1 5 0.588936 0.215566 0.106480
38 1 5 0.582381 0.208383 0.087702
39 1 5 0.642572 0.228634 0.125062
0 0 0 0.679080 0.186653 0.133784
1 0 0 0.759645 0.196233 0.193875
2 0 0 0.715374 0.132138 0.157538
3 0 0 0.692404 0.217382 0.181113
4 0 0 0.751273 0.225585 0.182584
5 0 0 0.625393 0.240066 0.129684
6 0 0 0.619419 0.205369 0.106467
7 0 0 0.615121 0.220677 0.113220
8 0 1 0.586738 0.205784 0.095102
9 0 1 0.636334 0.220187 0.121809
10 0 1 0.593295 0.223089 0.096233
11 0 1 0.576910 0.213717 0.095031
12 0 1 0.563216 0.210108 0.101542
13 0 1 0.726015 0.179980 0.143526
14 0 1 0.723363 0.208162 0.179921
15 0 1 0.697932 0.201277 0.154170
16 1 3 0.598193 0.221225 0.116902
17 1 3 0.574725 0.193758 0.096416
18 1 3 0.599558 0.220215 0.101216
19 1 3 0.644769 0.214518 0.109626
20 1 3 0.599765 0.227897 0.125657
21 1 3 0.663519 0.217652 0.145649
22 1 3 0.705628 0.202431 0.176899
23 1 3 0.648840 0.191905 0.141326
24 1 4 0.662471 0.214468 0.102415
25 1 4 0.643882 0.238078 0.138397
26 1 4 0.636021 0.238711 0.117860
27 1 4 0.648264 0.244860 0.120427
28 1 4 0.652982 0.227681 0.116219
29 1 4 0.562224 0.201567 0.111481
30 1 4 0.617928 0.197435 0.111728
31 1 4 0.589731 0.209637 0.101819
32 1 5 0.585417 0.210693 0.105088
33 1 5 0.654348 0.243569 0.125380
34 1 5 0.644686 0.239841 0.115124
35 1 5 0.606930 0.230269 0.125872
36 1 5 0.677559 0.228684 0.124484
37 1 5 0.600671 0.225806 0.091591
38 1 5 0.614065 0.217752 0.095534
39 1 5 0.637585 0.238796 0.125242
0 0 0 0.764038 0.208421 0.169162
1 0 0 0.802765 0.181143 0.186955
2 0 0 0.756809 0.120469 0.183793
3 0 0 0.765152 0.220883 0.226580
4 0 0 0.803218 0.156661 0.193150
5 0 0 0.622826 0.220952 0.157436
6 0 0 0.653859 0.226911 0.121549
7 0 0 0.632899 0.212209 0.132415
8 0 1 0.633102 0.210875 0.123014
9 0 1 0.665158 0.240967 0.117265
10 0 1 0.618007 0.216477 0.124372
11 0 1 0.656999 0.225261 0.139836
12 0 1 0.646399 0.235853 0.123784
13 0 1 0.821578 0.198263 0.216107
14 0 1 0.781825 0.214446 0.205973
15 0 1 0.716971 0.197373 0.150850
16 1 3 0.616070 0.212947 0.115517
17 1 3 0.603012 0.210074 0.097623
18 1 3 0.609902 0.205394 0.117386
19 1 3 0.631722 0.221556 0.115654
20 1 3 0.574301 0.222795 0.125292
21 1 3 0.667917 0.217211 0.156871
22 1 3 0.737444 0.214499 0.176296
23 1 3 0.739733 0.202367 0.135362
24 1 4 0.597442 0.210969 0.097322
25 1 4 0.629720 0.231690 0.109793
26 1 4 0.583816 0.215932 0.103096
27 1 4 0.632462 0.224542 0.119005
28 1 4 0.595933 0.226333 0.108739
29 1 4 0.592393 0.213080 0.106787
30 1 4 0.644995 0.229391 0.128756
31 1 4 0.631658 0.225988 0.116578
32 1 5 0.628869 0.240367 0.115953
33 1 5 0.609458 0.230521 0.113718
34 1 5 0.608915 0.222658 0.101806
35 1 5 0.629326 0.227086 0.122461
36 1 5 0.603503 0.219481 0.106646
37 1 5 0.603310 0.212979 0.111482
38 1 5 0.655354 0.220397 0.107054
39 1 5 0.638181 0.238547 0.127342
0 0 0 0.696243 0.185019 0.137725
1 0 0 0.697184 0.188955 0.152176
2 0 0 0.671911 0.115417 0.127906
3 0 0 0.618359 0.186562 0.171636
4 0 0 0.689362 0.196057 0.144353
5 0 0 0.605128 0.249704 0.119961
6 0 0 0.611417 0.194934 0.097510
7 0 0 0.616934 0.204700 0.104618
8 0 1 0.593505 0.212355 0.095055
9 0 1 0.586926 0.228590 0.097192
10 0 1 0.568760 0.197948 0.092677
11 0 1 0.588432 0.209584 0.091789
12 0 1 0.529281 0.207257 0.106161
13 0 1 0.786585 0.209949 0.190199
14 0 1 0.720310 0.200817 0.142785
15 0 1 0.679953 0.199219 0.119564
16 1 3 0.573213 0.218249 0.094918
17 1 3 0.608706 0.208895 0.113115
18 1 3 0.649226 0.223074 0.109987
19 1 3 0.612853 0.214118 0.103618
20 1 3 0.560237 0.213863 0.094442
21 1 3 0.658588 0.208833 0.140287
22 1 3 0.696610 0.215921 0.189600
23 1 3 0.758101 0.234481 0.170869
24 1 4 0.637502 0.207612 0.120554
25 1 4 0.688296 0.235721 0.139320
26 1 4 0.743872 0.251349 0.147311
27 1 4 0.750500 0.267897 0.183650
28 1 4 0.657570 0.239749 0.131495
29 1 4 0.648805 0.234434 0.135891
30 1 4 0.700213 0.227794 0.165607
31 1 4 0.621898 0.222633 0.134114
32 1 5 0.647983 0.217305 0.132668
33 1 5 0.610876 0.226543 0.112774
34 1 5 0.641126 0.231865 0.122828
35 1 5 0.646067 0.243401 0.132744
36 1 5 0.670455 0.240946 0.124959
37 1 5 0.671166 0.230934 0.119739
38 1 5 0.659921 0.215913 0.123558
39 1 5 0.642388 0.229026 0.135623
0 0 0 0.691063 0.173599 0.128485
1 0 0 0.711923 0.179031 0.139872
2 0 0 0.680112 0.161917 0.159487
3 0 0 0.685087 0.204894 0.184671
4 0 0 0.719745 0.183080 0.172274
5 0 0 0.578309 0.235881 0.128971
6 0 0 0.589161 0.206885 0.113469
7 0 0 0.612062 0.215671 0.100704
8 0 1 0.593973 0.211902 0.100380
9 0 1 0.650905 0.235528 0.118857
10 0 1 0.609784 0.219385 0.127744
11 0 1 0.607817 0.209026 0.109173
12 0 1 0.609937 0.240381 0.115771
13 0 1 0.735675 0.179507 0.148247
14 0 1 0.701659 0.186811 0.169752
15 0 1 0.744704 0.183062 0.150177
16 1 3 0.640316 0.206559 0.155261
17 1 3 0.648049 0.212660 0.121607
18 1 3 0.651092 0.225222 0.099925
19 1 3 0.586301 0.209292 0.115066
20 1 3 0.557739 0.220657 0.103051
21 1 3 0.638649 0.173500 0.144700
22 1 3 0.693142 0.192559 0.167266
23 1 3 0.715998 0.201205 0.150806
24 1 4 0.609382 0.198646 0.104850
25 1 4 0.700817 0.250776 0.159531
26 1 4 0.699687 0.229119 0.168881
27 1 4 0.667182 0.227111 0.150533
28 1 4 0.658334 0.222917 0.111090
29 1 4 0.654904 0.218321 0.144467
30 1 4 0.619033 0.208466 0.129745
31 1 4 0.643047 0.230562 0.121061
32 1 5 0.603909 0.224129 0.109901
33 1 5 0.688007 0.262758 0.151828
34 1 5 0.618664 0.228722 0.115497
35 1 5 0.662380 0.254081 0.133646
36 1 5 0.681234 0.255537 0.124130
37 1 5 0.658508 0.226809 0.128527
38 1 5 0.629714 0.231700 0.102211
39 1 5 0.620604 0.235073 0.117937
0 0 0 0.737262 0.221763 0.145499
1 0 0 0.670816 0.173557 0.152376
2 0 0 0.738501 0.165964 0.164939
3 0 0 0.687415 0.239021 0.164835
4 0 0 0.771447 0.214971 0.196182
5 0 0 0.584125 0.217158 0.134782
6 0 0 0.616568 0.201419 0.108355
7 0 0 0.611704 0.206357 0.105573
8 0 1 0.595499 0.194520 0.096126
9 0 1 0.590173 0.225756 0.095454
10 0 1 0.574177 0.209466 0.098732
11 0 1 0.584980 0.190236 0.099382
12 0 1 0.544607 0.197328 0.088531
13 0 1 0.745693 0.186462 0.152893
14 0 1 0.690855 0.198241 0.134573
15 0 1 0.697922 0.188533 0.143114
16 1 3 0.612721 0.213212 0.107819
17 1 3 0.569002 0.218063 0.091775
18 1 3 0.623716 0.225539 0.103844
19 1 3 0.589661 0.204655 0.083003
20 1 3 0.551474 0.207989 0.116312
21 1 3 0.646136 0.196596 0.142883
22 1 3 0.626435 0.216932 0.147405
23 1 3 0.712574 0.205303 0.166644
24 1 4 0.617962 0.217959 0.101152
25 1 4 0.649355 0.235233 0.120910
26 1 4 0.649354 0.224944 0.142757
27 1 4 0.667540 0.238296 0.113370
28 1 4 0.657223 0.221826 0.098462
29 1 4 0.643002 0.243906 0.119937
30 1 4 0.679754 0.233291 0.150289
31 1 4 0.649656 0.237982 0.117650
32 1 5 0.621698 0.219022 0.118571
33 1 5 0.638674 0.224992 0.119480
34 1 5 0.612055 0.233680 0.125728
35 1 5 0.629995 0.243729 0.117291
36 1 5 0.622589 0.234672 0.101878
37 1 5 0.584233 0.213816 0.101481
38 1 5 0.618794 0.220029 0.095579
39 1 5 0.634939 0.239527 0.134812
0 0 0 0.662517 0.185375 0.139407
1 0 0 0.697990 0.169857 0.134232
2 0 0 0.616159 0.142530 0.130981
3 0 0 0.728438 0.220158 0.160498
4 0 0 0.723870 0.235446 0.177944
5 0 0 0.620131 0.247285 0.138439
6 0 0 0.546447 0.185562 0.098437
7 0 0 0.588533 0.208353 0.107590
8 0 1 0.576196 0.198769 0.087110
9 0 1 0.610634 0.218951 0.095639
10 0 1 0.594804 0.217130 0.105581
11 0 1 0.629936 0.220647 0.105416
12 0 1 0.636938 0.254550 0.126395
13 0 1 0.714287 0.179150 0.153065
14 0 1 0.743386 0.213940 0.164330
15 0 1 0.659586 0.162170 0.123150
16 1 3 0.635739 0.232859 0.122324
17 1 3 0.589589 0.204768 0.103971
18 1 3 0.627825 0.206432 0.123881
19 1 3 0.635265 0.238054 0.111032
20 1 3 0.597106 0.228459 0.108489
21 1 3 0.671072 0.203469 0.156681
22 1 3 0.682873 0.172353 0.172712
23 1 3 0.775431 0.209968 0.218782
24 1 4 0.662900 0.207342 0.106724
25 1 4 0.684728 0.228143 0.141335
26 1 4 0.686781 0.248823 0.172284
27 1 4 0.645255 0.224567 0.124895
28 1 4 0.677396 0.230661 0.158087
29 1 4 0.645092 0.225610 0.128918
30 1 4 0.692148 0.234616 0.147567
31 1 4 0.691703 0.240305 0.179635
32 1 5 0.647220 0.225293 0.137997
33 1 5 0.674331 0.242195 0.122573
34 1 5 0.662883 0.237164 0.115529
35 1 5 0.686156 0.261075 0.141271
36 1 5 0.703832 0.250193 0.130419
37 1 5 0.616754 0.214762 0.099228
38 1 5 0.652926 0.238126 0.121693
39 1 5 0.654112 0.235764 0.120852
0 0 0 0.693587 0.196497 0.130774
1 0 0 0.728297 0.192064 0.146571
2 0 0 0.747959 0.168988 0.166877
3 0 0 0.651797 0.212584 0.180558
4 0 0 0.703802 0.189854 0.179548
5 0 0 0.573309 0.212649 0.102410
6 0 0 0.597884 0.189533 0.103798
7 0 0 0.605488 0.214845 0.096734
8 0 1 0.589456 0.201824 0.095270
9 0 1 0.639411 0.237974 0.118298
10 0 1 0.602434 0.193534 0.094203
11 0 1 0.617196 0.222936 0.118456
12 0 1 0.552482 0.214500 0.092921
13 0 1 0.761629 0.187254 0.155944
14 0 1 0.710222 0.205792 0.165888
15 0 1 0.713676 0.190529 0.148793
16 1 3 0.587170 0.201368 0.101248
17 1 3 0.594300 0.217485 0.114469
18 1 3 0.610858 0.212554 0.131167
19 1 3 0.620157 0.215292 0.110080
20 1 3 0.558142 0.223942 0.108418
21 1 3 0.652800 0.205273 0.137170
22 1 3 0.670447 0.209681 0.163317
23 1 3 0.685118 0.188342 0.152478
24 1 4 0.604740 0.196049 0.108927
25 1 4 0.719079 0.228089 0.165306
26 1 4 0.631047 0.231896 0.126532
27 1 4 0.649461 0.243738 0.115318
28 1 4 0.685650 0.236584 0.130744
29 1 4 0.697955 0.246216 0.149099
30 1 4 0.674001 0.233475 0.134696
31 1 4 0.621559 0.213073 0.116657
32 1 5 0.597250 0.213803 0.104308
33 1 5 0.616240 0.228658 0.118356
34 1 5 0.646544 0.235150 0.112903
35 1 5 0.628601 0.211127 0.136140
36 1 5 0.718477 0.262596 0.126227
37 1 5 0.639634 0.216586 0.111665
38 1 5 0.642008 0.220659 0.118403
39 1 5 0.599205 0.225268 0.127506
0 0 0 0.765946 0.192399 0.148889
1 0 0 0.688753 0.170945 0.175838
2 0 0 0.718525 0.160232 0.141250
3 0 0 0.673615 0.223276 0.155576
4 0 0 0.681334 0.187370 0.131219
5 0 0 0.562283 0.229075 0.099831
6 0 0 0.589825 0.189837 0.097736
7 0 0 0.603589 0.195955 0.105783
8 0 1 0.565769 0.197609 0.094240
9 0 1 0.587257 0.213936 0.106008
10 0 1 0.625015 0.205247 0.106880
11 0 1 0.653445 0.214459 0.119113
12 0 1 0.595545 0.239190 0.117627
13 0 1 0.771630 0.184651 0.179315
14 0 1 0.726791 0.200754 0.132841
15 0 1 0.703645 0.192079 0.144270
16 1 3 0.594691 0.209460 0.104765
17 1 3 0.580707 0.209344 0.099365
18 1 3 0.635189 0.208293 0.124907
19 1 3 0.636002 0.220119 0.114872
20 1 3 0.555495 0.214594 0.092353
21 1 3 0.675504 0.205016 0.163360
22 1 3 0.667525 0.201807 0.149086
23 1 3 0.641068 0.186980 0.136688
24 1 4 0.664544 0.224165 0.112890
25 1 4 0.654026 0.234157 0.146581
26 1 4 0.643233 0.236678 0.132351
27 1 4 0.675514 0.237784 0.135459
28 1 4 0.676399 0.230124 0.162468
29 1 4 0.604062 0.221695 0.111770
30 1 4 0.645681 0.235267 0.117092
31 1 4 0.581233 0.212378 0.125115
32 1 5 0.612657 0.236675 0.105250
33 1 5 0.658393 0.235872 0.138711
34 1 5 0.647800 0.237237 0.129026
35 1 5 0.644398 0.236768 0.111132
36 1 5 0.702046 0.264272 0.120741
37 1 5 0.641058 0.231001 0.102894
38 1 5 0.640756 0.222944 0.100497
39 1 5 0.620250 0.227921 0.119031
